0.40267344406491634
0.7925517194313869
0.6103442565725159
0.9162860111478138
0.8770094736488763
0.5058839596468598
0.5786699756534184
0.16015704788940888
0.7309187434491051
0.9835807902633946
0.09955558276197618
0.16134939028761774
0.36784325900222903
0.5780273393320781
0.333195352288592
0.4651553667026135
0.6110942730583769
0.9113472269019518
0.7207097436771822
0.19741528837861855
0.21599792019205744
0.4314262594264803
0.9746128727020307
0.3474780154223306
0.14698049865321872
0.531192278733168
0.14722252578445205
0.7688517312314145
0.4997501937835942
0.850810769535798
0.1693779075811519
0.5489432011541081
0.043459804212702347
0.8287445961137716
0.6121804109590855
0.7361966350981592
0.23371092371912494
0.045165488318801406
0.06607569795869717
0.28110853033561534
0.2044864471829011
0.40999382483302294
0.45444594582294606
0.44700823343382734
0.6855756704000233
0.7878824934432268
0.8029829987261308
0.8771578430705362
0.011781720052529865
0.2237494436587999
0.4714648684569094
0.9666400894096762
0.3911784412282895
0.5350027164429842
0.621159501290618
0.1806656328644618
0.3819102947380122
0.6703910603342976
0.7389309438246715
0.4853464448153809
0.09050482642624247
0.900451724429605
0.3682253983566547
0.11264512463686938
0.9493944899446851
0.6008165937333307
0.8074651782254352
0.46812453888012096
0.057321051195725725
0.11717672801049495
0.42798117441664274
0.10828626642249961
0.9735219089951216
0.9594943265726833
0.43646526725441825
0.363699908419416
0.5450748331547053
0.3630903918931502
0.3610259029750993
0.3647900131100267
0.8165036427766987
0.07552523403775058
0.2752818507311574
0.9390610271665057
0.32172451885971676
0.08072819067035286
0.7915303501576295
0.09170482235520339
0.09063846294765054
0.8556218781937227
0.15187757063558072
0.5559495266630722
0.5161527385293281
0.6695253854544042
0.3253211433776081
0.20517218060063214
0.8221399243822496
0.3829100425705577
0.8791253490496294
0.9557122448093885
0.2488207175009487
0.1796198795676739
0.5344321780518315
0.15748669935973436
0.2292820180611953
0.6754592552329601
0.7389019790019512
0.3689213369981129
0.7693195654925369
0.8860871258150691
0.2932796327967939
0.8433777263569385
0.9625200922221763
0.6084488292090307
0.05413358677447744
0.01616855437078102
0.07347485356489136
0.872513455304413
0.0016166394369788728
0.7744182277484963
0.9042431225609391
0.25387502469641954
0.5089487381934382
0.3164404084089516
0.2226605241845957
0.0028141419013673064
0.47942410491668896
0.962967282518919
0.8758135501089329
0.14170635680041932
0.12709591882698434
0.36947984211132423
0.8379787646582672
0.9102021476017922
0.5688938581066767
0.20705278719305276
0.8495509091388911
0.1963926308710896
0.06878128727183896
0.5285411195181989
0.49196153916089214
0.8822142130854702
0.7286601045070382
0.7176001084617529
0.5133156350877747
0.35263437901656114
0.6560831855819871
0.12994402322117704
0.9704506703992182
0.77070005246957
0.1554359206311764
0.2794132595094375
0.2853491928920522
0.10431867474038159
0.2870995071875052
0.6958335575294108
0.6273120990777612
0.305681517691451
0.21821068911590813
0.387314807028057
0.12702683376835344
0.4905278726201824
0.1489841604873754
0.17655153750294417
0.3046410706473668
0.4419873499781589
0.24016475185710795
0.04885061531918078
0.751179068680408
0.27252719782146495
0.8900291531474834
0.04902620937038982
0.5411141978788478
0.6175701677653703
0.9134576516025393
0.19496595484370605
0.073638412394465
0.30563765040739665
0.6609480957033885
0.3375862005850945
0.04114482836667366
0.05241195672365062
0.8820462467518455
0.8900588059494058
0.0056674491112038705
0.35990046961338296
0.18551773145545025
0.8736050120922674
0.6274977325604582
0.46692389914149923
0.2776887047169029
0.7828171608073035
0.9349243488932364
0.8934391834630498
0.7707336712355131
0.360382313808319
0.1500196680890905
0.8487474118200729
0.24429084485702424
0.4892459382202544
0.4926222956581431
0.5324258539728518
0.4166364110415093
0.0596683974459149
0.07314188812932221
0.1468620732668695
0.7357511120136955
0.8492903664887864
0.4545392316276281
0.2615575209701997
0.4359641016918241
0.1662378763226401
0.7148107845052036
0.021907003869458985
0.12246012266811213
0.24846163526209242
0.8735335817906094
0.5789490449903878
0.24378824535333377
0.18691893413271443
0.3595030834474726
0.03162193863008789
0.3916114745281317
0.4458713213819414
0.7912228475585684
0.11934879186147174
0.22728848262115364
0.8904843836830068
0.7179817474463839
0.8803140569533437
0.9764797243150044
0.6000807100223661
0.126480919435491
0.499583366892958
0.8558227865650391
0.6448108748256922
0.4564488744672133
0.6112570847391896
0.4998218445768883
0.4341713596706994
0.5884105582964678
0.39013755070481015
0.4414494285861529
0.20771240083009268
0.7677517107090222
0.8709286215148445
0.9665586230930577
0.7314430397034011
0.711447215472253
0.06677560735973243
0.21005672702533695
0.28785422635920466
0.20729831404507504
0.6239922153084005
0.19089195061735953
0.6031454263551471
0.36025033576004295
0.9461106905299418
0.5932569955206664
0.44215385568003407
0.266338753357498
0.947930264657524
0.4930144977777293
0.21964969328520634
0.30203869353738644
0.8590278254573911
0.9012009777269051
0.12607485879943847
0.40526844795979566
0.786234084191615
0.9505678386390327
0.9464663452866723
0.694025675131488
0.06586751281362246
0.7864687756127097
0.9632202114074969
0.5196096142762018
0.789057265334838
0.740005439789656
0.07651537918851026
0.5836110352690743
0.26727554397692166
0.15919389322432664
0.5506310184741738
0.061327133398836775
0.6202387654259445
0.35301665441549823
0.6000553216616652
0.7689850929131503
0.1146258875684375
0.46357624666943675
0.36619719542491047
0.2881354399909992
0.3596018642528819
0.7231679390561114
0.7036770268135131
0.6178019613670391
0.9739222293143571
0.4759407547593115
0.594586073598457
0.36345200855008497
0.8794351456266272
0.547917723079288
0.9397687460289988
0.6915776661933251
0.9470850176252196
0.03449742811816148
0.938095481560838
0.27965422376297455
0.32406197826836636
0.34116097720548444
0.2578586733177092
0.2734698277844787
0.4045298875321022
0.36095954884609893
0.7288373211328285
0.8272958442667361
0.07140463128271723
0.001459844063156246
0.3392411284479354
0.14709481428684812
0.5329439800946365
0.8841757914893691
0.9086578842310283
0.0829389301260689
0.805449058906859
0.9311165633709095
0.9262926779845218
0.22403870643866886
0.6521660820746504
0.7259329444594976
0.6932013540630066
0.138258031936202
0.5785171678111037
0.9912448833641881
0.08788449807258647
0.8677184941138377
0.3050770508363304
0.2590852689195251
0.9865226101167335
0.043072310696997795
0.9922520875507094
0.8279963624257577
0.6122970779182345
0.011249540658297641
0.3744069782579228
0.3981666103865906
0.8626554601098051
0.1849623938175552
0.8762234437089861
0.3550975513720276
0.9690437987763479
0.4169755336451044
0.7303647316014211
0.5326418141590975
0.6805428877252574
0.5781277630569326
0.09305808727626885
0.4278546466189883
0.5310092117250903
0.6753175914343708
0.16299688391880396
0.26295358216946507
0.6487352679361205
0.7841412040888024
0.3490033915635177
0.9937815078222565
0.9983087054994044
0.7905981257659714
0.6031815303802384
0.3495208529841205
0.9062628034693815
0.43725650837643026
0.13882860744802195
0.2550075482586196
0.21527558882881548
0.451496286233396
0.8861638913441047
0.5348451778278646
0.43608878241202165
0.5969254876592123
0.2039709635668745
0.6276216225115703
0.8219816899559504
0.3337908327357927
0.5615395934350298
0.1488812712118096
0.3775493219139261
0.40018097602490166
0.13283268025852835
0.5331083377718356
0.43169811617927856
0.033047030788591836
0.5035917918423046
0.6578278737658986
0.554186548167621
0.7365415147903109
0.9821350399757169
0.30703260784158803
0.27570214943661053
0.4749035126473008
0.3258888670204807
0.5664954709336529
0.28338067645396203
0.9180944920221661
0.048235869234565465
0.760129330638758
0.5068364513862847
0.9006155575638257
0.8540482406063331
0.3344066400517076
0.784188097895918
0.5674136181854156
0.16731670148304512
0.17695379222329854
0.6032270978949622
0.7755108309874605
0.1605733045043043
0.2157858302421033
0.7497909143578354
0.19596717447454415
0.17334567047979277
0.7872496259877586
0.5635665940372155
0.21801426699789905
0.915669149515647
0.18359436999163525
0.9009647226585205
0.1956732356901577
0.39272275374373666
0.9951901461008505
0.8353678158211296
0.7968977090993127
0.05794351376867668
0.3477672311747463
0.5869707377360374
0.21625807324839297
0.3045131250929063
0.9016494740644376
0.1675958269572212
0.7944110905204009
0.03889944943863555
0.5278076796703906
0.7502783630285653
0.15107412644993223
0.7451753773938987
0.9046597319580424
0.8290828984867062
0.282951238536033
0.14512546491290457
0.8898960209543914
0.8215246180841754
0.20403359113398467
0.2866905906072187
0.41321054986794814
0.8841338807520984
0.6129243761502307
0.652089946363872
0.808668906093844
0.36111676263187187
0.760314021294594
0.6669982537413206
0.9595470642174477
0.4667275311976504
0.15945884524036802
0.8134455935334521
0.36382510105128374
0.5138840428390173
0.03349216414798928
0.40164599182663174
0.24512273645169602
0.24472031418326945
0.42562411705175496
0.9397505172293698
0.13171437098968575
0.5931850852520029
0.7117622677661453
0.9555586222346443
0.9053631315408199
0.5154589990057366
0.84981247258145
0.07051205371216973
0.18206530052962833
0.36087718452024864
0.07589511901817225
0.10383312637490572
0.028397097513449765
0.6242080731219625
0.9149394261910511
0.9934595336911357
0.4400087985072355
0.8195534665080104
0.3115939987806373
0.360465903010604
0.7129113290221333
0.6467984532303013
0.4071193271413722
0.6149523367795584
0.8235529815243608
0.5834546422806572
0.9889039090159852
0.6039182112227417
0.2002849424173122
0.5279035186552345
0.921472294345141
0.9354295063804394
0.8166661922902074
0.14446105889841276
0.9313302810319024
0.27842637042927254
0.3661597994621614
0.11634895714202909
0.9627186582603061
0.1338070099839137
0.3881240184092001
0.5995716656466774
0.9473234226632444
0.7999628117537079
0.6066033934294865
0.788862469858422
0.2382174601008602
0.5147290763096677
0.4162767770416619
0.65627617533063
0.14678478702950015
0.04575419797228086
0.40402004216356124
0.6036697139512274
0.991104832110478
0.3225797911331837
0.029893770676367337
0.9822263016557479
0.8152517154901848
0.056262982005655604
0.10796701558358268
0.17534262631246644
0.4711888016252963
0.6761611373599289
0.5252402206479769
0.2156127919061982
0.06841644687849313
0.3285385839313675
0.7160316476854331
0.7123065888593012
0.8912567375519083
0.12794381764851137
0.7695435785191987
0.20265409868983608
0.7596359189757309
0.3298445192300783
0.6899257401434608
0.9084122437062474
0.46645160200728397
0.6017972165102754
0.25100515921358524
0.27860323859841063
0.3630885789899544
0.11046738257035116
0.09195344912999681
0.6299788879205244
0.38437332260424084
0.7131042664916529
0.1855133862368763
0.6586788976185496
0.8052343490217244
0.14461465314437827
0.5770090742130327
0.5897149656663732
0.803561455579758
0.7251682682707379
0.3402150026547319
0.25532714487760955
0.46723414954491627
0.7783067117693059
0.02526076958642065
0.4489224160658486
0.22801550740381693
0.6458170790971134
0.48410050091185985
0.4882199114175112
0.8309849704233042
0.9131699687113652
0.8506765890424401
0.03939098317778278
0.855409092516648
0.21811150333956053
0.6257598345877403
0.9033966477347092
0.49142722776698655
0.8050370363398358
0.2705490414032856
0.6463886578265581
0.7466541830733544
0.8090639924746743
0.44846488124079054
0.6679550858114182
0.5077799714662753
0.10626033147798897
0.07117451566725597
0.5441545141445807
0.9144717103001792
0.4502736165630862
0.6027347715902334
0.2566978546523714
0.3163608977739546
0.5306453023283593
0.6548435663216838
0.22530037133041314
0.6786246913850017
0.5343839584387012
0.7665403977253221
0.8971406142819135
0.6776468137299191
0.7699094487726553
0.40329872355219065
0.015527267814974932
0.8854703575731653
0.9212701087244879
0.6333043720533785
0.5892885391720891
0.38023121722645203
0.5405735469904925
0.6428156176346298
0.015063275195317027
0.8394872562255462
0.45786058588578127
0.23785250380713407
0.7665868533094312
0.6743351983016987
0.8901913142524869
0.7460639853817558
0.5582285422708325
0.044433720553580636
0.16550111194327854
0.28047342990128354
0.9144521063100831
0.6575275133463127
0.14182352995111946
0.1559047279105913
0.6325342083001165
0.10179398526196337
0.5987659413968173
0.35924211678145146
0.7127902876717251
0.08531068601133818
0.10566319890219988
0.3662792672275653
0.9487212024732101
0.3641680661422516
0.12962321949669897
0.270764011616511
0.5189078203714305
0.3292288896447618
0.4367177655297564
0.14534730384216976
0.6031452185401518
0.1912618681126046
0.16086067091067635
0.7894957308408124
0.2572220151856608
0.4551541744721527
0.26745470419686035
0.5360295581823327
0.5239141721632131
0.9061334683835376
0.5226776702402733
0.5857986546153245
0.03217715360139317
0.644407055119143
0.49431678486785813
0.4191113670542571
0.14218421386690838
0.7993521659047916
0.5563502264025549
0.19288178460082606
0.03077219209872506
0.43036790993246343
0.3470131232976772
0.6740637253705062
0.9800209851327631
0.7787262363226158
0.638874775868822
0.18278988343486136
0.5311066505547187
0.47323533435715115
0.11949253100051926
0.2227376816419857
0.0962316764228689
0.5122559612508227
0.152497428535059
0.9615933352619843
0.08335089361566939
0.8455876390563262
0.19150505812676977
0.49108871471050575
0.5815748205483722
0.16196772952388327
0.15303458356735078
0.843935946874681
0.17954674938936876
0.051403925603797807
0.7196582221486941
0.07408702256931676
0.5447536558384035
0.05628606980806272
0.24089134293025782
0.3170968531430125
0.9786452479992556
0.25120092298531405
0.6268742401668443
0.6389700601756586
0.2805994933366974
0.8985992408755117
0.3886838858105277
0.654722858049078
0.9031870890758961
0.4159415334509785
0.7691542138453621
0.3519937711927771
0.5618511385482454
0.3596750973562832
0.7293721943912285
0.2903874420595641
0.17403273248639584
0.3823719340563213
0.4085557710526183
0.36383845568467554
0.24593694352426265
0.1515832521539595
0.5588092271334559
0.6111326553937723
0.5995478629382177
0.032442996170031324
0.37129034418337303
0.13882574105279988
0.6381654131479431
0.9307797839532829
0.05661278845966977
0.08115016517329299
0.18565072787723425
0.06947231049229408
0.519846328468574
0.6631028143047593
0.3027308147494119
0.628010890985086
0.47926648156845286
0.8557578175717505
0.38312759850539146
0.11370345157967099
0.4180443226007209
0.8169501966797662
0.26293996078150916
0.05269156811356057
0.8293559560218468
0.29582764767465786
0.038622383951232964
0.08991824042924135
0.31793083654194376
0.44636934538077033
0.7820664423214619
0.8694156711582566
0.2548464717566086
0.04282209304858098
0.3657070731017551
0.12975854226039762
0.8474165421828534
0.9191061920746147
0.16623846077833493
0.2942535572745608
0.6823084605471188
0.564594023354683
0.5024387137538787
0.4614139466428794
0.027565399565248283
0.20026707427354162
0.28076687084744356
0.1084934790405333
0.43799687560328726
0.3321075133692024
0.471809596143425
0.009331025193830667
0.4984410249093767
0.7326831320064754
0.7213189785945947
0.8374834202627472
0.8606909432759612
0.03723500899883969
0.6114968496987825
0.6766013410069127
0.08241626808039226
0.6571795141347001
0.8313453112083624
0.1922287539368892
0.1602003832246659
0.5117875826856063
0.7893173526673509
0.5326834505508395
0.06385264140618363
0.15790562318255053
0.007164581928301161
0.12140295426814907
0.02544430123824759
0.2579342779664002
0.9707946924531712
0.3791159604416594
0.8140553663155371
0.9678826014767047
0.9821138506204669
0.07142692945166962
0.736009215944021
0.7501668297999277
0.9552441135667304
0.4158773045092441
0.6404107169617187
0.3199244737292113
0.031169975226076563
0.3022735142140923
0.7810922224303154
0.9189661255046853
0.3467817365399346
0.9810490129896663
0.98861173277424
0.8780888731863568
0.2874481997146847
0.3566532774123332
0.23973570186395754
0.4763265215572686
0.07666436468684834
0.5864381914179896
0.3768785395196357
0.434814027248827
0.6119847113751872
0.030237952722629968
0.4262598856013903
0.9932943140394954
0.043366139711452645
0.7218158841956046
0.6910795221773723
0.4088978775312051
0.7082089609219664
0.4405777445735395
0.5547992283895465
0.889676694050447
0.6867982512843113
0.1504274352874081
0.7196596115634599
0.42947577929826053
0.4225122727756826
0.04236864599257506
0.4268491748266623
0.746077225101596
0.5630779988422994
0.6684308281189613
0.057282039766592296
0.5411529756210363
0.4223189189756372
0.6867262216858375
0.39572943014133966
0.5984144047791213
0.23625326917225353
0.550919854736405
0.7560896698671952
0.8154481496291607
0.6930657146966352
0.07212188126162045
0.11186987987578778
0.12507920613054757
0.05338903350650137
0.157187716319657
0.3534921283443404
0.40370415334483956
0.5454967782138493
0.18463807356560302
0.8028256048076808
0.8868882132138745
0.6194217861300995
0.4178877635506363
0.1553853001263199
0.3166224921464388
0.07467935682642046
0.5751985089949961
0.09192720275178468
0.029988238815751855
0.03818832706206021
0.1767473738078138
0.9037088111928081
0.4655772833675037
0.26214702630717135
0.5714297886051918
0.6094723941892163
0.11186895682048026
0.2360351311853628
0.609491323511545
0.2072486025767929
0.7508655288494435
0.16257681358967901
0.7718106288326672
0.9003656821590291
0.9606397427101973
0.9344144754200299
0.19263088355948166
0.3645900344096874
0.23204953171243903
0.8664060361700215
0.4197649190866636
0.38211170808386374
0.7277267405879665
0.08787372277625916
0.944774944022455
0.4581282438781916
0.665547842677384
0.17979534087922044
0.5053548531874539
0.35706914101958254
0.5441467897883876
0.8538438231231804
0.9131192693802577
0.8480419482449577
0.944631065392318
0.2133444582100108
0.6922304240577849
0.332870853759335
0.4405141475110552
0.41063354126893736
0.12777024262178016
0.44513666429298704
0.22697864532584122
0.32096623843254746
0.4174915598982091
0.1549169923139755
0.44093642447464854
0.19003519651618317
0.496559400654605
0.39146412394168006
0.7849529940327099
0.08032595506925821
0.7621190347907013
0.7048470125742452
0.9909558562914954
0.34094886387294243
0.36300490328167834
0.027623492316017795
0.8637470062988791
0.2562516580302875
0.9396305139176611
0.1688968808947069
0.12969232010981024
0.49043054541144904
0.7000761711349356
0.2756512350720218
0.0825615529391881
0.9385219733838757
0.5006179930005655
0.1300479221867772
0.06634427137751553
0.11857116509736232
0.16241811049498323
0.8164054126233242
0.16396892479856895
0.29543766105434066
0.6008227164738923
0.9878733557986535
0.07120366009755752
0.11361217125345469
0.46969089961639277
0.6903509425981915
0.026618535058492987
0.6345829921458769
0.9304040500654145
0.45998877180148023
0.8413415602221692
0.3237043839133351
0.8436819556533853
0.20065204775608714
0.526441145972177
0.7121834583505182
0.15205844445255068
0.16901296793916232
0.7511201915763838
0.17171599788917247
0.4718459450467529
0.2474779464053799
0.3815079792843291
0.48246580808325357
0.9456446899943909
0.5689453328059465
0.6476879711007015
0.6494963117537567
0.21992932980692526
0.4724282484204416
0.06570077529328044
0.7284269143520578
0.006971740770112866
0.7148656665179545
0.10161371238746886
0.25800114571492616
0.06633569253363925
0.8419843299665777
0.7063491374595395
0.265417312543639
