184 202
183 202
182 202
181 202
181 203
180 203
179 203
179 204
178 204
178 205
178 206
177 206
177 208
177 209
176 209
175 210
175 211
174 211
174 212
173 212
173 214
172 215
172 216
172 217
172 218
172 219
172 220
172 221
172 222
172 223
172 224
172 226
172 227
172 228
172 229
172 230
172 231
172 233
172 235
173 237
175 239
176 240
177 241
177 243
179 244
180 246
181 248
184 248
186 249
188 251
191 252
192 253
193 253
196 254
197 254
198 254
199 254
201 255
202 255
203 255
204 255
205 255
206 255
207 255
208 255
209 255
210 255
211 255
213 255
214 255
215 255
216 254
217 254
218 253
218 252
219 252
220 251
221 251
221 250
222 250
223 250
224 250
225 250
226 249
227 249
228 248
229 248
230 248
230 247
231 246
232 245
233 244
234 243
234 241
235 240
235 239
236 239
236 238
237 238
237 237
237 236
238 235
238 234
239 233
239 232
239 231
239 230
239 229
239 228
239 227
239 226
239 225
239 224
240 223
240 222
240 221
240 220
240 219
240 218
239 217
239 216
239 215
239 214
239 213
239 212
238 211
237 210
237 209
237 208
236 208
236 207
236 206
235 206
235 205
235 204
234 203
234 202
233 202
233 200
232 199
231 199
231 198
230 197
229 197
228 197
227 196
226 196
225 195
224 195
223 195
223 194
222 194
221 194
220 194
218 194
218 193
217 193
216 193
215 193
214 193
213 193
212 193
212 192
211 192
210 192
209 191
207 191
206 191
205 191
204 191
203 191
201 191
200 191
199 191
198 191
197 191
196 191
195 191
194 192
193 192
192 193
191 193
189 194
188 194
188 195
187 196
186 196
186 197
186 198
185 198
185 199
184 199
184 200
183 200
183 199
183 198
183 197
182 197
182 196
182 195
181 195
180 194
180 193
179 192
179 191
177 191
177 190
177 189
176 189
175 188
175 187
174 187
174 186
173 186
173 185
172 184
172 183
171 183
169 181
169 180
168 180
168 179
168 178
167 177
167 176
166 176
165 175
164 175
164 174
164 174
201 189
201 188
201 187
201 186
201 185
201 184
201 183
201 182
201 181
201 180
201 178
201 177
201 176
201 175
201 174
201 173
201 172
201 171
201 169
200 167
200 166
200 165
199 165
199 164
199 163
199 162
198 162
198 161
198 160
198 159
198 158
198 157
199 157
199 156
199 154
200 153
200 152
200 151
200 150
200 149
199 142
199 141
199 141
221 193
221 192
222 191
222 190
223 190
223 189
224 188
224 187
225 186
226 185
226 184
226 182
227 182
227 180
227 179
227 178
228 177
228 176
228 175
228 174
228 173
228 171
228 170
227 168
227 167
227 166
227 165
227 164
228 163
229 162
229 161
230 161
230 160
231 159
231 158
231 158
234 201
235 201
237 201
239 200
240 199
242 198
243 197
245 196
247 193
249 192
250 191
251 190
252 189
253 188
254 188
255 187
256 187
257 186
258 185
259 184
260 184
261 184
262 183
263 182
265 181
267 180
267 179
267 179
242 225
242 224
244 224
245 224
246 224
247 224
248 224
249 224
251 224
252 224
253 224
254 224
255 224
256 224
257 225
259 225
260 225
261 225
263 225
264 225
267 225
268 225
269 225
270 225
272 225
273 225
275 225
276 225
279 225
279 225
235 244
236 245
237 245
238 246
239 247
240 248
241 249
242 249
242 250
243 251
244 252
245 253
247 254
248 255
249 255
250 256
252 258
253 258
254 260
255 260
257 262
258 262
259 262
261 264
262 266
262 266
215 254
215 255
216 255
216 256
216 257
217 258
217 259
217 260
218 260
218 261
219 261
219 262
219 263
219 264
220 265
220 266
222 268
222 270
222 271
223 272
223 273
223 274
223 275
223 276
224 277
224 278
224 279
224 280
225 280
225 281
225 282
225 283
225 283
197 257
197 258
196 259
195 261
195 262
195 263
195 264
195 265
195 266
195 267
194 268
194 269
193 269
193 271
193 272
193 273
192 274
192 275
192 276
192 277
191 277
191 278
190 278
189 281
189 282
188 282
188 283
188 284
188 284
179 247
178 247
177 248
177 249
176 249
176 250
175 251
175 252
173 252
173 253
172 254
171 254
170 254
170 255
169 256
168 257
166 257
165 258
164 259
163 259
162 260
161 260
161 261
160 261
160 262
159 262
159 263
158 263
158 264
157 264
157 265
157 265
169 228
168 228
167 228
166 228
165 228
164 228
163 228
161 228
161 229
159 229
158 229
157 229
156 229
155 229
154 229
152 229
151 229
150 229
149 229
148 229
147 229
146 229
145 229
144 229
143 229
142 229
141 229
140 229
137 228
136 228
135 228
135 228
173 211
173 210
172 210
171 210
171 209
170 209
169 209
168 208
167 208
166 207
164 206
162 205
162 204
161 204
159 203
156 201
156 200
154 199
153 198
151 198
151 197
149 197
147 196
146 196
144 195
144 194
143 193
141 192
139 191
138 190
137 190
136 189
135 189
135 188
135 188
190 227
189 227
189 228
188 228
188 229
188 230
188 231
189 231
190 232
191 232
192 232
193 232
194 232
194 231
194 230
194 229
194 228
194 227
194 226
194 225
193 225
192 225
191 225
191 225
212 226
211 226
210 226
210 227
210 228
210 229
210 230
210 231
210 232
211 232
212 232
213 232
214 232
215 232
215 231
216 231
216 230
217 229
217 228
217 227
217 226
216 226
215 226
214 226
214 226
189 211
190 211
191 211
192 211
192 210
193 209
194 208
195 208
196 207
197 207
198 207
199 206
200 206
201 205
203 205
204 205
205 205
206 205
207 205
208 205
209 205
210 205
212 206
214 207
215 209
217 209
218 210
218 211
219 212
220 213
220 214
220 215
221 215
221 216
221 215
221 214
221 213
220 213
220 212
219 212
219 211
218 211
217 210
216 210
216 209
215 209
215 208
214 208
213 207
212 207
212 206
210 206
209 206
207 206
206 206
205 206
204 206
203 206
202 206
200 206
199 206
198 206
197 206
196 206
195 207
193 207
193 208
192 208
192 209
191 209
191 210
190 211
190 212
190 212
